97
1070
480
0
0
10
1
0
0
3
0
0
79
23
2
1
2
4
P
255
18
215
E
335
19
260
Map
Lane
0
Q1
0
Q2
0
Q3
0
Q4
0
Q5
0
Lane
1
Q1
0
Q2
0
Q3
0
Q4
0
Q5
0
Lane
2
Q1
1
W
2
489
412
0
10
24
1
0
60
512
6
1
0
150
5
50
100
820
1536
Q2
0
Q3
0
Q4
0
Q5
0
Lane
3
Q1
1
W
2
-60
467
1
10
20
0
3
60
512
6
1
0
150
5
40
39
820
1536
Q2
1
W
10
54
470
0
1
4
1
3
70
0
-1
2
0
350
7
27
-1
820
1536
Q3
0
Q4
0
Q5
0
Lane
4
Q1
0
Q2
2
W
8
88
530
1
3
18
1
0
76
0
-1
1
0
86
4
18
-1
820
1536
W
10
236
525
0
1
8
1
0
70
0
-1
2
0
400
7
31
-1
820
1536
Q3
0
Q4
0
Q5
0
Lane
5
Q1
0
Q2
1
W
14
1296
-819280
0
3
2
1
0
40
1638675
-1
1
0
1000000000
25
100
-1
820
1536
Q3
0
Q4
0
Q5
0
Lane
6
Q1
2
W
6
1427
112
0
3
36
1
4
60
0
-1
1
0
100
25
100
-1
820
1536
W
7
200
107
0
3
11
1
0
60
0
-1
1
0
1000000000
25
100
-1
820
1536
Q2
0
Q3
0
Q4
0
Q5
0
Lane
7
Q1
0
Q2
0
Q3
0
Q4
0
Q5
0
Lane
8
Q1
3
W
5
20
140
0
1
22
1
2
40
0
-1
1
0
-1
-1
-1
-1
820
1536
W
5
80
151
0
1
21
1
0
40
0
-1
1
0
-1
-1
-1
-1
820
1536
W
5
140
162
0
1
20
1
3
40
0
-1
1
0
-1
-1
-1
-1
820
1536
Q2
2
W
12
1426
160
0
1
21
1
0
40
0
-1
1
0
-1
-1
-1
-1
820
1536
W
12
1366
149
0
1
20
1
3
40
0
-1
1
0
-1
-1
-1
-1
820
1536
Q3
0
Q4
0
Q5
0
